34 by 34 magic square,
Evolved on Mar11 at 04:20PM

   868    468    584    161    925   1032    926    127   1121    397    185    919    946    384    284    993    289    814    873    133    565    932    250    608     63    687    762    560    620    913    537    479    115    149 

   402    752    723    207    698    767    485    296    424     48   1064   1052   1095    860    322    948    116   1131   1047    134    849    907    214    266    249     80   1109    295    894    739    267    158    980     91 

   782     92   1106    415    552    463     35    750    648    275    388    735    263    757    435    971    426    434    371    676   1124    964    271    572    218    487    533     64     73   1077   1130   1148    327   1107 

   329   1014    969    766    954    833   1066    234     21    941     41    367   1099    248    477    336    318    342    382    221    379    489    269   1151    695    597    341    617    494      7   1152    302   1083   1135 

   801   1057    227    331    230     31     68    879   1049    396    788      5    851    444    976    677    872    558    211     32     40    176    825    938    870     95   1136    718    579    796   1056    623    405    929 

  1138    773    210    945    403   1110    763    669    774    583    274    501    786    629   1065    505    633     20    368    974    387    304    223     98   1017     58    568    121    418    858    798    333    622    741 

  1071   1029    586   1005   1020     19     45     86    395    821    180    132     18    634    177    534   1103    874    547    546   1026    667    730    987    683   1004    324    559    476    467    805     23    999     97 

   179    348    978    381    190    846   1018    525    719    480     46   1037    139    740    453    443    834    994    866   1023     93    960    918    137    840    462   1149    457     28    715    955    111    268    337 

  1087    272    156    244    705    674   1039    794    670      9    128    311   1030   1043    831    571    160    439    519    413    892    514   1016    661    523    157    239   1118    315    861     62   1144    636    436 

   183    753    638    589    414    409   1013     27     24    502    982    743    430    827    756    252    228    700    931    759    604    452   1001   1137    113    881   1035   1108    399     10    202    320   1075    172 

   990    117    663    166    247    314    937    659    791    449   1011    257    205    118    450   1045    949    188   1033    478   1142    325    549    712    294    747    225    784    556    212    711    815    802    728 

   391    742    557    564    992    286     83    626    141    789   1031    359    264    321    421    664   1067   1147    507   1123    930    953    539    173    624    973    222      4    603    265    726    939    187    456 

   878    374    493   1090    518    967    280    657    832    181    722    909    822   1132    232    120    760    437     30    898    704    332    354    749    706    675    807    854    288    192    195    692    360    429 

   808    509    143    795    530    484   1089    256    672    513    167    903    380    581    305    103    871    835    890    619     11    935     37    389    772    151    790   1022    607    970    110    865    911    646 

   880    335    906    594   1042    862    751    196   1086     88    709    769     77    727    618    688   1069    162    254    768    136    178    842    899    376    407   1082    216    349    316    921   1002    241    123 

    81    843     22    383    438   1006    729    170    582    947    883      2    398     13    877    841    555     69    125    959    701   1063   1072   1098    621   1143    433   1044    165    830    107    804    243    422 

  1145   1104    696   1141    845    777     25   1156      6    471    610    977     54    330    787    647    186    464    836    820     43    283   1041     52    655    528    512    238    600    591    580    199    838    432 

   551     15    578    362    714   1114    928    920    630    553    488    237    652    517    989   1028    869    503    887     82    658    724    984    370    366    812    596    853    219     71    198     84    891    226 

   408     74    642    962    686    486    797    942    460    385     85    776   1097    473    720     56   1046    200    109   1081    406    114    201    958    614    847     70   1146    934    952    412     79    400   1051 

   347    152    392      3    319   1038    823    734    496    710    771    297    654   1055    554     49    678   1122    340    423   1100   1120    561    828   1059    277    208    927   1050    197    246    535    276    328 

   189   1113    425    299    204    755    522    775    253    293    312   1115   1129    615    924    694    897    150    649     36    685    515    140    504    809    785   1009    818    375    666   1091    258    410    255 

   595     38   1048     99    323    951    819    793     51    779    895    310    915    416    671    601    470    764    637     72    448   1150    279    445    639    950    691    441    910    303    147    707   1003    309 

   483    350    844     61    680     57   1015    122    317    852    956    191    240    884     60     12    459    914    454    570    242    285    455    900   1094    912     29   1021    497   1034   1008    905    640   1126 

   542    527   1076    995   1062    352    144   1134    155    588    209    813    235    611    986    792    876    393    997    148    427    783    811    220    308     87    262    251    996    364   1153    573    566    233 

   346    733     34    536    908    138    131    447   1084   1140    334     67    690    902    824    365      8   1007    885    353    236   1058    864     75    313    548    345    975    495   1027    344    765    855    837 

   287    896    306    991   1061    112    703    592    339   1128   1079     42    145    916    662    893    875    770    106    746   1000    369     16    301   1088    124     65    290    778   1105    943    101    102    738 

   800    660     76    904    291    524    543    490    278    164    404    972   1040    635    245   1101    758    606    817   1073     55    574   1024    194    474    968    159    491    386   1074    356    605    300    628 

   737    168    745    732     14     94    182    499    708   1112    761    981     66    562    108   1155     53    508    806   1010    917     50   1092    587   1012    839    957    466    656    119    104    510    394    965 

   135   1078   1139    482    521    644    961    681    963    282     96    716    684    721   1154     33    420     44    146    338    613     26    372    563    215   1111   1127    217   1119    129    390   1070    754    725 

   171    810    260    343    882     89    100    888   1117    668   1102    998    612    520    599    440    281    699    632    540    531    616    966    780    154    446    213     17    983    377    363    682    850    940 

   174    598    526   1116    351    985    357    936    163    886    697    169    511    130    229    799    175    803    105    863    702    651    184    538    848    781     59    401    856   1093    631   1054    469    829 

   713    545   1053    498    650    506    270     90   1096    901    361    744    326    643    645    492    461    298    857    944    826    472    417    292    481    567    411    550    609    748    458    625    889    231 

  1025    689      1    933    261    516    816   1019    544    602    988    673   1085    203    358    679    378    653    593    273    532    355    577    451    569    259   1133     47    923    126   1080    442    193    693 

   153    641    867    576     39    428    206    500   1060    736    922    590    731     78    475    142    529    627    859    541    665    373    575   1036    307    224   1068    979    419    465    431    717    585   1125 

